1994 
312 
1918 1965
323 1457
972 1693
1047 1475
1860 1928
1945 1970
878 1306
1157 1207
207 1730
1384 1591
927 1833
189 678
640 1764
704 1682
949 1758
813 1386
1758 1851
419 607
1614 1838
427 572
1445 1777
478 1830
1101 1196
475 1150
1211 1488
1448 1600
1512 1701
1943 1950
1654 1910
185 1532
1285 1486
1306 1802
968 1201
1561 1661
523 811
181 484
1428 1445
1139 1634
1527 1569
1485 1718
1417 1673
334 886
720 1741
979 1804
341 560
1419 1623
1221 1770
1708 1858
1920 1929
1773 1838
812 1935
759 1685
1619 1913
604 726
306 1758
993 1957
367 1542
1150 1703
1152 1504
392 1946
625 1213
1781 1844
50 449
776 869
887 1114
1674 1735
1067 1867
1547 1752
593 703
856 1964
302 1952
1118 1963
1623 1917
921 1278
1307 1639
869 1629
684 1652
780 1219
1786 1874
1039 1173
1104 1469
1174 1934
1498 1991
1102 1539
562 1945
70 330
404 1825
1276 1902
1022 1630
207 926
970 1683
1427 1774
1983 1984
1854 1931
599 1795
1270 1481
794 958
959 1338
1928 1954
165 713
1749 1893
517 1929
671 1931
122 1075
607 1296
579 1801
1744 1876
712 1501
1009 1648
1987 1993
1287 1321
82 1584
147 1523
1235 1395
1704 1879
1419 1795
1358 1916
1707 1822
55 1061
1584 1688
458 542
1731 1862
804 1506
887 1861
831 1041
1657 1941
1889 1945
1205 1233
1124 1297
1225 1234
972 1328
417 1087
597 959
251 1805
1656 1900
649 1774
261 619
1856 1948
1982 1990
66 537
277 1261
428 1930
123 1173
33 1107
929 956
1642 1754
1910 1988
787 1846
1221 1897
1758 1852
1235 1629
1360 1403
473 842
196 1510
482 1449
1860 1873
1353 1556
1122 1770
1649 1685
253 1491
1727 1985
1170 1281
596 921
1795 1951
1222 1932
1332 1506
837 1544
238 1325
273 425
273 305
634 1457
28 260
1850 1919
125 1316
1105 1712
388 1011
925 1211
631 1212
639 1103
706 1868
618 1878
767 1074
1951 1952
1656 1927
399 1290
1094 1376
89 820
86 948
1894 1934
1884 1918
380 1570
1868 1985
1325 1486
671 1523
757 1825
1449 1914
706 1902
450 630
1592 1679
654 1808
1830 1883
991 1273
1217 1906
842 1225
1280 1675
686 1745
1823 1947
669 1119
286 1701
622 696
34 1685
1966 1981
943 1245
1561 1971
1330 1594
1915 1922
1540 1805
1544 1975
1990 1991
1658 1925
566 1004
1466 1647
1783 1931
1557 1921
1404 1687
141 216
1578 1799
1108 1781
354 837
1669 1673
1250 1460
1433 1607
9 1800
1919 1936
683 1201
47 1772
1763 1783
1877 1986
506 663
1701 1992
1160 1412
797 1630
646 1698
1180 1621
1652 1688
569 924
532 1070
783 1809
610 639
542 765
1055 1223
158 1672
918 1886
1277 1774
418 1267
400 1062
60 874
1755 1860
1172 1459
684 1756
814 1711
1545 1550
487 1194
70 993
1846 1874
1390 1845
1338 1785
1663 1946
1713 1886
310 556
297 1197
157 813
883 1124
1475 1732
1804 1980
1889 1966
1769 1863
1838 1964
1567 1828
44 1503
1556 1574
1060 1888
1701 1890
438 1112
1391 1584
1913 1959
1870 1922
602 1257
1905 1926
976 1628
1279 1383
1067 1302
1704 1958
642 1234
1918 1990
729 1276
1906 1977
1735 1920
837 1910
766 874
310 1424
533 609
1249 1814
534 1617
1271 1790
1374 1567
870 1685
1362 1780
1688 1688
1104 1443
1040 1923
541 1129
1651 
525 
241 
456 
88 
73 
115 
45 
84 
132 
99 
132 
261 
322 
260 
13 
16 
6 
9 
12 
2 
4 
3 
1 
2 
4 
4 
2 
1 
2 
2 
2 
2 
3 
5 
2 
4 
6 
4 
4 
7 
14 
18 
13 
16 
29 
28 
18 
33 
18 
12 
19 
23 
6 
7 
13 
23 
42 
84 
85 
124 
152 
28 
1 
1 
2 
3 
6 
12 
19 
15 
4 
8 
7 
12 
1 
1 
1 
1 
2 
2 
1 
2 
4 
7 
9 
4 
5 
5 
4 
2 
4 
1 
1 
1 
2 
2 
4 
5 
10 
10 
5 
7 
10 
13 
1 
1 
1 
1 
2 
1 
1 
1 
1 
1 
2 
1 
2 
1 
1 
2 
1 
1 
1 
2 
4 
7 
1 
1 
2 
2 
2 
4 
4 
6 
1 
2 
2 
4 
2 
3 
3 
3 
1 
2 
1 
2 
4 
2 
4 
7 
6 
12 
9 
4 
8 
5 
7 
4 
2 
3 
5 
2 
3 
4 
4 
4 
6 
8 
10 
17 
20 
38 
11 
6 
10 
4 
8 
2 
1 
1 
1 
1 
2 
1 
1 
2 
3 
5 
9 
13 
11 
9 
1 
2 
1 
1 
2 
3 
6 
9 
17 
28 
54 
72 
70 
56 
109 
114 
152 
41 
9 
14 
14 
25 
32 
46 
19 
24 
11 
20 
28 
17 
13 
23 
9 
3 
5 
10 
14 
24 
48 
81 
132 
47 
26 
10 
10 
18 
19 
33 
18 
10 
1 
1 
1 
1 
2 
3 
3 
6 
7 
2 
4 
5 
4 
3 
1 
2 
4 
5 
10 
3 
2 
2 
4 
2 
1 
2 
1 
1 
2 
1 
1 
2 
2 
4 
7 
7 
8 
3 
2 
3 
1 
1 
2 
4 
3 
1 
1 
1 
2 
1 
1 
2 
4 
4 
8 
8 
1 
1 
1 
2 
2 
2 
2 
2 
2 
1 
1 
1 
2 
1 
1 
2 
2 
3 
5 
9 
13 
9 
14 
21 
7 
7 
12 
9 
15 
7 
11 
2 
3 
4 
4 
8 
13 
8 
13 
1 
1 
1 
1 
2 
3 
5 
6 
2 
4 
4 
1 
2 
1 
2 
2 
3 
3 
2 
4 
1 
2 
3 
3 
1 
2 
2 
2 
2 
1 
2 
3 
6 
4 
5 
2 
3 
5 
8 
8 
5 
6 
12 
4 
1 
1 
1 
2 
2 
3 
6 
3 
6 
6 
5 
10 
18 
28 
52 
24 
7 
9 
13 
12 
9 
4 
6 
12 
10 
8 
16 
10 
8 
1 
1 
1 
1 
1 
2 
2 
4 
7 
13 
5 
9 
2 
3 
2 
4 
8 
14 
10 
4 
3 
4 
4 
7 
8 
15 
19 
18 
36 
2 
4 
8 
15 
14 
23 
43 
33 
64 
58 
81 
59 
32 
3 
4 
6 
11 
2 
1 
2 
1 
2 
1 
1 
1 
1 
2 
4 
7 
3 
3 
6 
10 
9 
6 
5 
7 
5 
3 
3 
3 
2 
4 
7 
11 
12 
22 
4 
7 
10 
6 
2 
3 
1 
2 
3 
6 
3 
1 
1 
2 
2 
1 
2 
4 
6 
1 
1 
2 
1 
2 
4 
2 
3 
2 
4 
1 
2 
1 
1 
1 
2 
3 
5 
1 
2 
1 
1 
2 
4 
1 
1 
1 
2 
1 
1 
2 
2 
2 
1 
1 
1 
2 
1 
1 
2 
1 
1 
2 
4 
1 
1 
2 
2 
4 
3 
4 
1 
1 
2 
1 
1 
2 
4 
7 
4 
7 
2 
4 
8 
4 
7 
6 
5 
2 
3 
3 
4 
8 
11 
7 
8 
15 
17 
8 
16 
3 
5 
9 
13 
26 
23 
12 
12 
2 
4 
1 
1 
2 
1 
1 
1 
1 
2 
3 
4 
1 
2 
2 
3 
6 
10 
9 
13 
2 
2 
2 
2 
1 
1 
1 
1 
1 
1 
2 
1 
2 
3 
5 
2 
4 
1 
1 
2 
2 
2 
1 
2 
3 
4 
8 
11 
9 
12 
18 
6 
3 
2 
3 
2 
4 
8 
3 
6 
7 
13 
20 
27 
32 
27 
3 
5 
3 
3 
2 
3 
1 
1 
1 
1 
1 
1 
2 
3 
2 
4 
8 
9 
1 
1 
2 
3 
4 
6 
1 
1 
1 
1 
1 
1 
2 
2 
3 
4 
6 
5 
9 
15 
27 
2 
3 
2 
4 
7 
11 
7 
4 
5 
8 
15 
22 
28 
56 
78 
51 
24 
15 
24 
25 
21 
20 
5 
3 
4 
2 
1 
1 
2 
4 
1 
1 
2 
1 
2 
4 
4 
8 
16 
11 
7 
1 
2 
4 
8 
13 
20 
32 
62 
55 
48 
74 
73 
8 
8 
15 
19 
34 
67 
124 
190 
316 
262 
149 
71 
22 
9 
7 
4 
3 
1 
2 
1 
1 
1 
2 
3 
1 
2 
4 
5 
9 
18 
30 
28 
48 
3 
1 
2 
2 
2 
4 
2 
2 
3 
5 
9 
18 
24 
21 
11 
22 
24 
17 
8 
6 
6 
3 
4 
8 
8 
14 
18 
5 
5 
5 
8 
9 
1 
2 
3 
4 
2 
2 
2 
4 
4 
6 
7 
9 
12 
19 
18 
19 
5 
7 
2 
2 
1 
2 
1 
2 
1 
1 
1 
2 
1 
1 
2 
3 
4 
1 
1 
1 
2 
4 
1 
1 
2 
1 
2 
4 
7 
14 
16 
23 
30 
39 
49 
37 
55 
76 
147 
117 
156 
139 
243 
350 
597 
370 
250 
84 
50 
89 
25 
5 
8 
13 
3 
1 
2 
3 
4 
8 
1 
2 
2 
3 
5 
6 
6 
3 
6 
5 
1 
2 
4 
3 
2 
2 
4 
4 
6 
1 
2 
4 
1 
2 
2 
1 
1 
1 
1 
1 
2 
3 
2 
3 
1 
2 
3 
1 
2 
2 
1 
2 
3 
5 
7 
14 
27 
6 
3 
4 
7 
3 
5 
7 
8 
12 
5 
9 
10 
1 
2 
3 
3 
1 
2 
1 
1 
1 
2 
1 
1 
1 
2 
1 
2 
4 
1 
1 
2 
2 
2 
2 
4 
8 
3 
4 
4 
1 
2 
2 
4 
5 
10 
16 
29 
3 
6 
2 
2 
3 
2 
1 
1 
1 
1 
2 
1 
2 
3 
2 
2 
4 
2 
1 
1 
2 
4 
1 
2 
1 
1 
2 
3 
5 
8 
7 
11 
4 
8 
13 
24 
32 
45 
41 
9 
14 
9 
17 
4 
6 
6 
1 
1 
1 
1 
1 
1 
1 
1 
1 
2 
4 
2 
2 
2 
2 
4 
4 
7 
12 
8 
12 
21 
18 
5 
6 
3 
6 
11 
13 
2 
1 
2 
3 
3 
3 
5 
5 
9 
18 
23 
34 
31 
21 
14 
27 
13 
26 
2 
1 
1 
2 
2 
3 
2 
1 
2 
1 
1 
1 
2 
3 
4 
6 
6 
7 
1 
1 
1 
2 
1 
2 
4 
1 
1 
2 
1 
1 
2 
1 
2 
2 
2 
1 
2 
1 
2 
3 
1 
1 
2 
3 
4 
5 
8 
12 
11 
19 
36 
1 
1 
1 
2 
4 
6 
2 
2 
3 
6 
5 
9 
10 
16 
23 
13 
23 
6 
6 
3 
2 
1 
2 
3 
6 
9 
10 
11 
6 
8 
2 
3 
6 
5 
3 
2 
2 
1 
2 
3 
2 
4 
4 
7 
4 
8 
1 
2 
3 
4 
5 
1 
1 
2 
2 
2 
1 
1 
2 
1 
2 
4 
4 
6 
4 
7 
11 
12 
18 
4 
4 
2 
2 
3 
3 
5 
2 
4 
2 
2 
3 
2 
1 
1 
2 
1 
1 
1 
2 
2 
2 
4 
1 
1 
1 
2 
4 
7 
12 
2 
1 
1 
2 
2 
4 
6 
9 
7 
14 
2 
2 
2 
1 
1 
1 
1 
1 
2 
1 
2 
4 
3 
2 
3 
3 
1 
1 
1 
2 
3 
2 
3 
6 
9 
3 
6 
9 
17 
8 
8 
5 
8 
9 
14 
25 
47 
88 
132 
214 
421 
132 
58 
83 
51 
76 
107 
182 
353 
353 
413 
58 
82 
57 
16 
14 
3 
6 
9 
14 
21 
35 
62 
53 
68 
72 
120 
58 
48 
73 
18 
21 
33 
57 
56 
21 
7 
9 
8 
8 
16 
18 
8 
5 
9 
8 
6 
11 
13 
22 
11 
13 
25 
26 
17 
19 
16 
18 
21 
38 
55 
83 
113 
76 
117 
230 
106 
86 
120 
48 
19 
18 
3 
1 
2 
2 
4 
1 
2 
1 
1 
1 
1 
1 
1 
2 
2 
2 
2 
4 
1 
1 
2 
4 
6 
1 
2 
4 
1 
2 
4 
7 
9 
4 
5 
7 
11 
16 
1 
1 
1 
1 
1 
1 
2 
4 
4 
4 
6 
6 
1 
1 
1 
1 
1 
1 
2 
2 
1 
2 
4 
6 
10 
11 
6 
4 
5 
9 
12 
23 
29 
44 
29 
8 
1 
1 
2 
2 
4 
7 
3 
2 
3 
3 
2 
1 
2 
2 
1 
2 
1 
2 
3 
5 
2 
2 
2 
2 
4 
3 
6 
7 
2 
2 
1 
1 
2 
4 
8 
10 
1 
1 
2 
2 
3 
1 
1 
1 
2 
3 
5 
5 
9 
3 
2 
1 
2 
1 
1 
2 
2 
2 
1 
1 
2 
1 
2 
3 
4 
3 
6 
8 
15 
17 
18 
21 
17 
29 
51 
69 
109 
163 
284 
63 
100 
35 
10 
16 
24 
14 
4 
2 
2 
2 
4 
5 
2 
3 
1 
1 
2 
1 
2 
3 
4 
8 
15 
24 
22 
9 
14 
13 
2 
3 
3 
2 
4 
8 
11 
22 
16 
18 
23 
29 
46 
66 
82 
42 
80 
154 
302 
204 
377 
127 
236 
300 
105 
188 
95 
76 
132 
72 
47 
78 
116 
86 
63 
77 
83 
63 
18 
11 
21 
18 
1 
2 
2 
3 
6 
8 
16 
16 
22 
31 
1 
2 
4 
2 
2 
2 
3 
1 
2 
3 
2 
1 
1 
1 
2 
1 
2 
3 
6 
2 
4 
5 
9 
15 
1 
2 
4 
2 
2 
2 
1 
1 
1 
2 
4 
7 
4 
5 
6 
7 
14 
4 
5 
3 
5 
8 
15 
25 
50 
47 
60 
43 
59 
99 
3 
3 
3 
5 
8 
10 
10 
8 
11 
15 
15 
27 
49 
