0
0
0
957
1187
186
1535
1091
0
813
0
0
0
0
1889
1843
1943
1923
1902
1965
1958
1959
1985
1965
1958
1958
1965
1985
1965
1965
1965
1965
1959
1947
1965
1958
1943
1958
1958
1936
1881
1835
1889
1843
1717
1740
1835
1662
1835
1902
1818
1788
1943
1936
1889
1788
1573
1091
1076
0
0
1740
1985
1985
1965
1959
1943
1902
1818
1876
1958
1931
1936
1902
1985
1985
1985
1985
1965
1965
1985
1965
1958
1936
1923
1958
1947
1947
1958
1965
1958
1985
1985
1985
1965
1965
1958
1947
1912
1912
1947
1936
1912
1889
1985
1985
1985
1985
1965
1985
1985
1985
1985
1985
1965
1985
1965
1985
1985
1965
1985
1985
1985
1965
1958
1936
1985
1985
1965
1965
1965
1958
1958
1943
1985
1965
1965
1958
1965
1959
1959
1959
1985
1965
1985
1965
1958
1965
1958
1936
1943
1902
1923
1958
1931
1947
1936
1958
1965
1959
1947
1965
1959
1958
1958
1958
1943
1931
1912
1841
1811
1621
1906
1943
1912
1958
1931
1965
1985
1985
1985
1985
1965
1985
1985
1965
1959
1947
1923
1889
1906
1923
1985
1965
1985
1985
1965
1959
1943
1923
1841
1740
1449
1202
1211
1406
529
263
0
1588
1923
1881
1881
1764
1662
1531
1818
1771
1906
1811
1740
1841
1889
1788
1923
1959
1947
1912
1881
1771
1520
1107
0
1523
1759
1912
1912
1835
1818
1662
1835
1912
1985
1985
1985
1985
1965
1959
1959
1943
1936
1965
1958
1947
1958
1959
1985
1965
1958
1947
1912
1959
1965
1965
1958
1965
1985
1965
1985
1985
1965
1985
1985
1965
1965
1958
1936
1936
1931
1959
1965
1959
1985
1985
1965
1958
1959
1985
1985
1985
1965
1985
1985
1965
1958
1958
1931
1931
1985
1985
1985
1965
1965
1965
1965
1965
1965
1985
1985
1985
1965
1985
1985
1965
1965
1959
1947
1923
1889
1923
1881
1798
1936
1936
1902
1923
1876
1936
1906
1965
1959
1958
1958
1931
1889
1931
1889
1985
1985
1985
1985
1965
1959
1947
1943
1965
1958
1958
1985
1965
1985
1965
1965
1959
1959
1965
1958
1985
1965
1959
1959
1985
1965
1965
1965
1965
1985
1965
1959
1943
1958
1947
1965
1959
1947
1931
1931
1947
1943
1902
1958
1985
1985
1985
1965
1965
1959
1943
1959
1943
1943
1947
1912
1835
1740
1478
1771
1936
1923
1889
1902
1923
1958
1943
1902
1912
1931
1843
1912
1931
1985
1985
1985
1985
1985
1965
1965
1958
1936
1889
1947
1923
1965
1959
1965
1958
1931
1881
1912
1958
1959
1958
1958
1936
1931
1876
1818
1835
1635
1965
1958
1931
1876
1881
1788
1559
1662
1305
1397
1107
1389
1662
1959
1958
1943
1906
1965
1985
1965
1985
1965
1985
1985
1985
1985
1965
1958
1936
1959
1959
1943
1912
1923
1943
1947
1936
1947
1959
1959
1959
1965
1958
1936
1906
1902
1795
1958
1936
1912
1943
1965
1959
1985
1965
1959
1943
1959
1985
1985
1965
1965
1985
1965
1958
1943
1985
1985
1965
1985
1965
1958
1965
1959
1965
1958
1985
1965
1985
1985
1985
1965
1959
1947
1985
1965
1985
1985
1965
1958
1985
1985
1985
1965
1985
1985
1965
1965
1965
1985
1985
1985
1965
1985
1985
1965
1985
1985
1965
1958
1985
1985
1965
1965
1958
1959
1958
1985
1985
1965
1985
1985
1965
1958
1936
1958
1936
1965
1958
1931
1958
1936
1943
1947
1965
1959
1959
1958
1931
1906
1936
1931
1876
1841
1931
1843
1959
1947
1923
1889
1759
1788
1902
1902
1965
1958
1985
1985
1965
1985
1985
1985
1985
1965
1959
1958
1985
1965
1965
1959
1943
1912
1923
1889
1965
1965
1965
1965
1985
1985
1985
1985
1985
1985
1965
1985
1965
1959
1947
1965
1958
1985
1985
1965
1965
1965
1985
1965
1959
1958
1931
1906
1923
1902
1835
1943
1959
1965
1959
1965
1958
1931
1959
1943
1936
1889
1811
1751
1662
1751
1959
1947
1959
1959
1965
1959
1985
1985
1985
1985
1985
1985
1965
1959
1965
1958
1931
1923
1985
1985
1965
1959
1958
1943
1985
1985
1985
1985
1985
1985
1965
1965
1959
1958
1943
1947
1923
1876
1751
1965
1959
1965
1958
1936
1906
1936
1958
1947
1931
1876
1795
1740
1406
1150
1483
1771
1876
1771
1764
1798
1811
1947
1959
1958
1965
1985
1985
1965
1958
1985
1985
1965
1985
1965
1958
1958
1931
1843
1906
1936
1985
1965
1958
1931
1889
1811
1662
1331
1422
1520
1179
1187
1931
1931
1876
1818
1656
1233
0
0
0
0
0
1207
1795
1923
1936
1958
1959
1985
1965
1985
1985
1985
1965
1959
1985
1965
1958
1947
1923
1835
1687
1740
1520
1959
1985
1965
1965
1965
1958
1965
1965
1959
1947
1923
1835
1771
1798
1906
1795
1771
1841
1931
1943
1943
1959
1958
1931
1931
1881
1835
1947
1947
1947
1931
1923
1985
1965
1959
1958
1965
1965
1965
1958
1958
1943
1936
1923
1902
1818
1835
1818
1947
1936
1965
1965
1985
1965
1985
1965
1985
1985
1985
1965
1985
1985
1965
1959
1958
1985
1985
1985
1965
1958
1985
1985
1965
1985
1965
1958
1936
1881
1843
1788
1687
1620
1506
1630
1422
1162
0
77
0
0
0
0
0
0
0
1091
1488
934
1764
1947
1931
1889
1959
1985
1965
1959
1958
1931
1985
1965
1965
1959
1947
1943
1943
1959
1943
1947
1985
1965
1958
1959
1965
1965
1958
1958
1943
1985
1965
1958
1985
1965
1965
1985
1985
1985
1985
1985
1965
1959
1965
1959
1985
1965
1959
1985
1965
1965
1985
1965
1959
1947
1936
1881
1751
1943
1959
1958
1936
1959
1947
1936
1931
1902
1947
1923
1912
1985
1965
1959
1959
1985
1965
1985
1985
1985
1965
1985
1985
1985
1965
1985
1965
1958
1985
1985
1965
1965
1965
1965
1958
1931
1959
1958
1958
1985
1965
1965
1958
1947
1912
1843
1717
1959
1943
1965
1965
1959
1965
1985
1985
1985
1985
1965
1985
1965
1959
1965
1965
1958
1965
1985
1985
1965
1958
1985
1965
1985
1985
1965
1959
1947
1931
1936
1906
1958
1931
1889
1771
1662
1535
1588
1923
1881
1923
1841
1958
1943
1943
1985
1985
1985
1985
1985
1985
1985
1985
1985
1965
1958
1965
1965
1965
1965
1958
1958
1936
1902
1931
1902
1798
1835
1947
1943
1959
1943
1906
1889
1965
1985
1965
1959
1959
1959
1947
1947
1923
1835
1788
1656
1683
1798
1881
1751
1889
1759
1965
1985
1985
1965
1965
1959
1965
1985
1965
1985
1985
1985
1965
1959
1958
1943
1943
1936
1985
1985
1985
1965
1985
1965
1958
1985
1985
1965
1985
1985
1965
1985
1965
1965
1965
1985
1965
1985
1965
1959
1985
1985
1965
1959
1958
1947
1931
1902
1906
1818
1635
1985
1985
1985
1965
1958
1943
1965
1965
1959
1943
1947
1923
1912
1843
1788
1889
1788
1943
1943
1959
1965
1985
1965
1959
1943
1923
1912
1906
1943
1931
1965
1959
1943
1947
1959
1965
1965
1985
1965
1959
1965
1958
1958
1936
1958
1931
1985
1965
1959
1958
1947
1985
1985
1965
1965
1965
1985
1985
1965
1985
1965
1958
1958
1943
1958
1936
1906
1902
1835
1958
1958
1965
1965
1959
1959
1947
1965
1958
1965
1965
1959
1965
1985
1985
1965
1985
1985
1985
1965
1965
1965
1958
1985
1985
1985
1965
1958
1936
1902
1965
1985
1985
1965
1965
1958
1943
1923
1936
1881
1965
1965
1965
1985
1985
1985
1985
1985
1965
1985
1965
1958
1959
1965
1959
1959
1985
1985
1985
1965
1959
1965
1959
1943
1923
1959
1943
1923
1841
1931
1931
1947
1931
1923
1881
1764
1523
957
0
0
0
0
1397
1091
1483
1162
562
0
0
0
0
1397
1100
1400
1843
1881
1959
1943
1923
1881
1798
1646
1331
1461
1230
1202
1
1397
1520
1187
1835
1798
1662
1400
1406
1798
1936
1923
1931
1931
1843
1835
1931
1947
1923
1931
1943
1906
1889
1795
1906
1889
1764
1759
1841
1818
1843
1835
1798
1621
1422
1091
325
1162
77
0
588
1056
1
1520
1818
1835
1959
1985
1965
1965
1958
1985
1965
1985
1985
1985
1985
1985
1985
1965
1965
1965
1965
1958
1985
1985
1965
1958
1943
1985
1965
1958
1985
1965
1958
1936
1923
1958
1947
1936
1906
1843
1985
1985
1985
1985
1985
1985
1965
1958
1958
1958
1943
1943
1985
1985
1985
1985
1985
1985
1965
1965
1985
1965
1958
1943
1912
1906
1943
1958
1947
1923
1902
1788
1717
1544
1717
1931
1985
1985
1965
1965
1958
1936
1959
1965
1959
1959
1965
1985
1965
1965
1985
1965
1985
1965
1959
1947
1965
1965
1965
1965
1958
1959
1943
1936
1965
1965
1985
1985
1965
1958
1931
1912
1985
1985
1965
1965
1959
1985
1985
1985
1965
1959
1947
1947
1923
1959
1965
1985
1965
1985
1985
1965
1965
1965
1985
1985
1965
1985
1965
1959
1958
1959
1943
1931
1876
1841
1835
1798
1841
1717
1483
1218
529
0
0
1314
788
1646
1912
1843
1771
1881
1958
1965
1965
1965
1958
1947
1965
1959
1985
1985
1965
1985
1965
1959
1958
1931
1876
1771
1795
1923
1881
1889
1965
1959
1959
1965
1958
1931
1906
1795
1843
1835
1788
1717
1531
1256
1100
1573
1124
0
0
0
0
0
0
0
638
0
892
1162
0
1202
1523
1150
100
1056
1314
1158
1091
1314
1835
1906
1798
1835
1985
1965
1965
1959
1943
1931
1843
1843
1795
1683
1985
1965
1958
1965
1965
1965
1959
1985
1965
1959
1965
1985
1985
1985
1965
1985
1965
1959
1943
1965
1958
1947
1923
1876
1985
1965
1958
1965
1965
1965
1985
1985
1985
1965
1958
1936
1958
1947
1943
1936
1881
1958
1947
1959
1947
1931
1876
1764
1488
1523
1358
1559
1389
813
1959
1959
1959
1947
1931
1912
1912
1931
1906
1876
1876
1751
1506
