82
3
4 5 3 
8
8 6 3 3 2 3 7 6 
9
6 6 9 3 7 5 6 8 2 
3
6 5 3 
6
9 6 3 2 7 7 
5
6 4 3 1 3 
10
5 5 9 3 3 8 9 9 5 8 
1
8 
2
6 5 
3
3 3 7 
1
6 
6
4 4 2 5 7 2 
7
9 1 9 8 8 7 5 
7
9 4 8 5 9 5 1 
1
5 
7
2 8 3 4 9 5 7 
3
5 5 9 
2
1 8 
9
8 2 2 6 6 1 2 2 7 
1
2 
7
9 5 2 8 1 1 7 
5
2 8 4 1 5 
4
3 1 7 5 
4
4 3 5 8 
8
3 4 4 5 9 3 6 8 
10
6 2 3 7 3 7 2 5 3 5 
1
2 
4
2 8 1 7 
10
5 5 4 7 7 5 3 3 7 6 
9
3 4 4 7 1 1 5 2 8 
8
2 3 2 2 3 9 8 1 
8
2 6 1 3 3 5 1 5 
10
9 3 1 6 8 9 1 9 9 2 
5
4 1 7 7 4 
3
3 3 4 
5
5 7 7 6 3 
4
8 5 7 1 
7
6 1 9 6 5 9 7 
10
5 6 9 1 7 1 7 9 1 1 
7
9 6 1 4 4 9 7 
8
3 1 7 2 7 4 9 6 
7
8 7 5 3 7 9 7 
9
1 1 1 9 5 4 1 2 3 
1
4 
10
4 9 9 7 2 6 9 9 7 8 
7
5 2 1 2 2 2 6 
3
4 7 9 
2
5 1 
8
2 6 9 9 8 6 2 5 
6
8 7 2 3 8 4 
8
4 5 9 5 2 7 9 9 
8
4 8 1 5 5 5 5 6 
8
6 3 3 7 8 7 9 3 
9
7 8 2 9 8 6 3 7 4 
6
7 6 9 5 6 6 
7
2 4 1 1 2 7 5 
4
6 6 1 8 
7
3 7 6 3 4 7 5 
2
5 2 
3
4 8 3 
1
3 
8
5 6 5 9 7 3 2 2 
3
9 4 8 
2
9 5 
8
4 8 8 1 6 4 2 2 
2
3 8 
10
3 3 9 2 7 2 7 6 4 7 
2
7 9 
2
3 6 
6
1 5 8 3 6 4 
1
9 
2
3 1 
6
6 4 3 2 6 6 
5
1 1 8 9 8 
2
5 2 
3
6 5 3 
10
4 8 9 4 4 5 6 7 6 5 
5
7 5 5 6 9 
7
5 1 8 8 1 6 4 
2
4 8 
2
4 6 
2
9 7 
